1 1 39.2499 -86.4555 0.79 0.13
2 1 39.2499 -86.4555 0.79 0.32
3 1 39.2499 -86.4555 0.79 0.79
4 1 39.2499 -86.4555 0.79 0.45
5 1 39.2499 -86.4555 0.79 0.35
6 1 39.2499 -86.4555 0.79 0.58
7 1 39.2499 -86.4555 0.79 0.13
8 1 39.2499 -86.4555 0.79 0.35
9 2 33.4357 -111.9171 0.35 0.91
10 2 33.4357 -111.9171 0.35 0.23
11 2 33.4357 -111.9171 0.35 0.8
12 2 33.4357 -111.9171 0.35 0.27
13 2 33.4357 -111.9171 0.35 0.8
14 2 33.4357 -111.9171 0.35 0.51
15 2 33.4357 -111.9171 0.35 0.28
16 2 33.4357 -111.9171 0.35 0.88
17 3 30.1605 -92.0332 0.31 0.18
18 3 30.1605 -92.0332 0.31 0.27
19 3 30.1605 -92.0332 0.31 0.97
20 3 30.1605 -92.0332 0.31 0.54
21 3 30.1605 -92.0332 0.31 0.98
22 3 30.1605 -92.0332 0.31 0.69
23 3 30.1605 -92.0332 0.31 0.93
24 3 30.1605 -92.0332 0.31 0.47
25 4 4.0 -72.0 0.97 0.12
26 4 4.0 -72.0 0.97 0.83
27 4 4.0 -72.0 0.97 0.85
28 4 4.0 -72.0 0.97 0.46
29 4 4.0 -72.0 0.97 0.4
30 4 4.0 -72.0 0.97 0.34
31 4 4.0 -72.0 0.97 0.41
32 4 4.0 -72.0 0.97 0.07
33 5 38.9879 -76.5454 0.75 0.45
34 5 38.9879 -76.5454 0.75 0.5
35 5 38.9879 -76.5454 0.75 0.35
36 5 38.9879 -76.5454 0.75 0.32
37 5 38.9879 -76.5454 0.75 0.51
38 5 38.9879 -76.5454 0.75 0.67
39 5 38.9879 -76.5454 0.75 0.99
40 5 38.9879 -76.5454 0.75 0.96
41 6 40.8497 -99.0741 0.5 0.43
42 6 40.8497 -99.0741 0.5 0.06
43 6 40.8497 -99.0741 0.5 0.37
44 6 40.8497 -99.0741 0.5 0.25
45 6 40.8497 -99.0741 0.5 0.13
46 6 40.8497 -99.0741 0.5 0.02
47 6 40.8497 -99.0741 0.5 0.43
48 6 40.8497 -99.0741 0.5 0.5
49 7 39.0997 -94.5786 0.57 0.38
50 7 39.0997 -94.5786 0.57 0.94
51 7 39.0997 -94.5786 0.57 0.69
52 7 39.0997 -94.5786 0.57 0.43
53 7 39.0997 -94.5786 0.57 0.68
54 7 39.0997 -94.5786 0.57 0.27
55 7 39.0997 -94.5786 0.57 0.23
56 7 39.0997 -94.5786 0.57 0.54
57 8 39.1828 -84.3447 0.69 0.11
58 8 39.1828 -84.3447 0.69 0.56
59 8 39.1828 -84.3447 0.69 0.56
60 8 39.1828 -84.3447 0.69 0.9
61 8 39.1828 -84.3447 0.69 0.49
62 8 39.1828 -84.3447 0.69 0.1
63 8 39.1828 -84.3447 0.69 0.06
64 8 39.1828 -84.3447 0.69 0.33
65 9 33.1565 -117.1707 0.02 0.34
66 9 33.1565 -117.1707 0.02 0.39
67 9 33.1565 -117.1707 0.02 0.21
68 9 33.1565 -117.1707 0.02 0.48
69 9 33.1565 -117.1707 0.02 0.11
70 9 33.1565 -117.1707 0.02 0.07
71 9 33.1565 -117.1707 0.02 0.49
72 9 33.1565 -117.1707 0.02 0.68
73 10 40.7282 -74.0776 0.38 0.21
74 10 40.7282 -74.0776 0.38 0.73
75 10 40.7282 -74.0776 0.38 0.83
76 10 40.7282 -74.0776 0.38 0.98
77 10 40.7282 -74.0776 0.38 0.67
78 10 40.7282 -74.0776 0.38 0.84
79 10 40.7282 -74.0776 0.38 0.75
80 10 40.7282 -74.0776 0.38 0.14
81 11 44.1099 -87.71 0.02 0.69
82 11 44.1099 -87.71 0.02 0.69
83 11 44.1099 -87.71 0.02 0.86
84 11 44.1099 -87.71 0.02 0.8
85 11 44.1099 -87.71 0.02 0.59
86 11 44.1099 -87.71 0.02 0.22
87 11 44.1099 -87.71 0.02 0.47
88 11 44.1099 -87.71 0.02 0.55
89 12 43.1184 -89.5207 0.65 0.62
90 12 43.1184 -89.5207 0.65 0.29
91 12 43.1184 -89.5207 0.65 0.99
92 12 43.1184 -89.5207 0.65 0.32
93 12 43.1184 -89.5207 0.65 0.37
94 12 43.1184 -89.5207 0.65 0.83
95 12 43.1184 -89.5207 0.65 0.02
96 12 43.1184 -89.5207 0.65 0.73
97 13 37.3059 -89.5182 0.55 0.4
98 13 37.3059 -89.5182 0.55 0.05
99 13 37.3059 -89.5182 0.55 0.65
100 13 37.3059 -89.5182 0.55 0.22
101 13 37.3059 -89.5182 0.55 0.9
102 13 37.3059 -89.5182 0.55 0.29
103 13 37.3059 -89.5182 0.55 0.35
104 13 37.3059 -89.5182 0.55 0.85
105 14 38.7705 -75.2799 0.26 0.02
106 14 38.7705 -75.2799 0.26 0.94
107 14 38.7705 -75.2799 0.26 0.76
108 14 38.7705 -75.2799 0.26 0.68
109 14 38.7705 -75.2799 0.26 0.37
110 14 38.7705 -75.2799 0.26 0.21
111 14 38.7705 -75.2799 0.26 0.85
112 14 38.7705 -75.2799 0.26 0.61
113 15 30.6568 -97.6026 0.23 0.35
114 15 30.6568 -97.6026 0.23 0.76
115 15 30.6568 -97.6026 0.23 0.45
116 15 30.6568 -97.6026 0.23 0.28
117 15 30.6568 -97.6026 0.23 0.72
118 15 30.6568 -97.6026 0.23 0.09
119 15 30.6568 -97.6026 0.23 0.12
120 15 30.6568 -97.6026 0.23 0.65
121 16 47.6051 -122.1134 1.0 0.85
122 16 47.6051 -122.1134 1.0 0.8
123 16 47.6051 -122.1134 1.0 0.59
124 16 47.6051 -122.1134 1.0 0.69
125 16 47.6051 -122.1134 1.0 0.47
126 16 47.6051 -122.1134 1.0 0.78
127 16 47.6051 -122.1134 1.0 0.61
128 16 47.6051 -122.1134 1.0 0.09
129 17 41.2586 -95.9378 0.68 0.83
130 17 41.2586 -95.9378 0.68 0.22
131 17 41.2586 -95.9378 0.68 0.5
132 17 41.2586 -95.9378 0.68 0.41
133 17 41.2586 -95.9378 0.68 0.81
134 17 41.2586 -95.9378 0.68 0.78
135 17 41.2586 -95.9378 0.68 0.33
136 17 41.2586 -95.9378 0.68 0.52
137 18 15.0 100.0 0.98 0.72
138 18 15.0 100.0 0.98 0.67
139 18 15.0 100.0 0.98 0.91
140 18 15.0 100.0 0.98 0.06
141 18 15.0 100.0 0.98 0.45
142 18 15.0 100.0 0.98 0.9
143 18 15.0 100.0 0.98 0.43
144 18 15.0 100.0 0.98 1.0
145 19 45.6387 -122.6615 0.39 0.32
146 19 45.6387 -122.6615 0.39 0.71
147 19 45.6387 -122.6615 0.39 0.04
148 19 45.6387 -122.6615 0.39 0.03
149 19 45.6387 -122.6615 0.39 0.58
150 19 45.6387 -122.6615 0.39 0.12
151 19 45.6387 -122.6615 0.39 0.32
152 19 45.6387 -122.6615 0.39 0.47
153 20 40.2181 -111.6133 0.32 0.84
154 20 40.2181 -111.6133 0.32 0.24
155 20 40.2181 -111.6133 0.32 0.79
156 20 40.2181 -111.6133 0.32 0.55
157 20 40.2181 -111.6133 0.32 0.2
158 20 40.2181 -111.6133 0.32 0.7
159 20 40.2181 -111.6133 0.32 0.87
160 20 40.2181 -111.6133 0.32 0.3
161 21 41.5931 -81.5268 0.69 0.44
162 21 41.5931 -81.5268 0.69 0.88
163 21 41.5931 -81.5268 0.69 0.12
164 21 41.5931 -81.5268 0.69 0.7
165 21 41.5931 -81.5268 0.69 0.04
166 21 41.5931 -81.5268 0.69 0.29
167 21 41.5931 -81.5268 0.69 0.07
168 21 41.5931 -81.5268 0.69 0.25
169 22 41.1172 -96.0611 0.92 0.29
170 22 41.1172 -96.0611 0.92 0.39
171 22 41.1172 -96.0611 0.92 0.09
172 22 41.1172 -96.0611 0.92 0.29
173 22 41.1172 -96.0611 0.92 0.4
174 22 41.1172 -96.0611 0.92 0.27
175 22 41.1172 -96.0611 0.92 0.49
176 22 41.1172 -96.0611 0.92 0.81
177 23 33.9681 -84.2304 0.54 0.08
178 23 33.9681 -84.2304 0.54 0.78
179 23 33.9681 -84.2304 0.54 0.07
180 23 33.9681 -84.2304 0.54 0.98
181 23 33.9681 -84.2304 0.54 0.62
182 23 33.9681 -84.2304 0.54 0.56
183 23 33.9681 -84.2304 0.54 0.17
184 23 33.9681 -84.2304 0.54 0.04
185 24 33.3062 -111.8413 0.46 0.79
186 24 33.3062 -111.8413 0.46 0.84
187 24 33.3062 -111.8413 0.46 0.23
188 24 33.3062 -111.8413 0.46 0.81
189 24 33.3062 -111.8413 0.46 0.28
190 24 33.3062 -111.8413 0.46 0.8
191 24 33.3062 -111.8413 0.46 0.88
192 24 33.3062 -111.8413 0.46 0.76
193 25 33.9937 -81.0199 0.54 0.69
194 25 33.9937 -81.0199 0.54 0.29
195 25 33.9937 -81.0199 0.54 0.43
196 25 33.9937 -81.0199 0.54 1.0
197 25 33.9937 -81.0199 0.54 0.5
198 25 33.9937 -81.0199 0.54 0.63
199 25 33.9937 -81.0199 0.54 0.76
200 25 33.9937 -81.0199 0.54 0.6
201 26 9.9333 -84.0833 1.0 0.16
202 26 9.9333 -84.0833 1.0 0.09
203 26 9.9333 -84.0833 1.0 0.01
204 26 9.9333 -84.0833 1.0 0.47
205 26 9.9333 -84.0833 1.0 0.65
206 26 9.9333 -84.0833 1.0 0.11
207 26 9.9333 -84.0833 1.0 0.21
208 26 9.9333 -84.0833 1.0 0.72
209 27 43.044 -76.1518 0.1 0.2
210 27 43.044 -76.1518 0.1 0.01
211 27 43.044 -76.1518 0.1 0.93
212 27 43.044 -76.1518 0.1 0.96
213 27 43.044 -76.1518 0.1 0.64
214 27 43.044 -76.1518 0.1 0.61
215 27 43.044 -76.1518 0.1 0.64
216 27 43.044 -76.1518 0.1 0.57
217 28 42.3451 -71.0993 0.17 0.79
218 28 42.3451 -71.0993 0.17 0.42
219 28 42.3451 -71.0993 0.17 0.16
220 28 42.3451 -71.0993 0.17 0.99
221 28 42.3451 -71.0993 0.17 0.06
222 28 42.3451 -71.0993 0.17 0.36
223 28 42.3451 -71.0993 0.17 0.88
224 28 42.3451 -71.0993 0.17 0.06
225 29 40.044 -75.3877 0.57 1.0
226 29 40.044 -75.3877 0.57 0.39
227 29 40.044 -75.3877 0.57 0.41
228 29 40.044 -75.3877 0.57 0.19
229 29 40.044 -75.3877 0.57 0.04
230 29 40.044 -75.3877 0.57 0.55
231 29 40.044 -75.3877 0.57 0.74
232 29 40.044 -75.3877 0.57 0.6
233 30 43.1005 -77.426 0.67 0.57
234 30 43.1005 -77.426 0.67 0.03
235 30 43.1005 -77.426 0.67 0.96
236 30 43.1005 -77.426 0.67 0.14
237 30 43.1005 -77.426 0.67 0.14
238 30 43.1005 -77.426 0.67 0.83
239 30 43.1005 -77.426 0.67 0.46
240 30 43.1005 -77.426 0.67 0.83
241 31 44.0364 -123.0547 0.62 0.67
242 31 44.0364 -123.0547 0.62 0.68
243 31 44.0364 -123.0547 0.62 0.66
244 31 44.0364 -123.0547 0.62 0.21
245 31 44.0364 -123.0547 0.62 0.51
246 31 44.0364 -123.0547 0.62 0.94
247 31 44.0364 -123.0547 0.62 0.85
248 31 44.0364 -123.0547 0.62 0.02
249 32 41.6005 -93.6091 0.66 0.26
250 32 41.6005 -93.6091 0.66 0.61
251 32 41.6005 -93.6091 0.66 0.46
252 32 41.6005 -93.6091 0.66 0.97
253 32 41.6005 -93.6091 0.66 0.39
254 32 41.6005 -93.6091 0.66 0.56
255 32 41.6005 -93.6091 0.66 0.39
256 32 41.6005 -93.6091 0.66 0.82
257 33 31.5 34.75 0.73 0.52
258 33 31.5 34.75 0.73 0.12
259 33 31.5 34.75 0.73 0.63
260 33 31.5 34.75 0.73 0.03
261 33 31.5 34.75 0.73 0.98
262 33 31.5 34.75 0.73 0.22
263 33 31.5 34.75 0.73 0.08
264 33 31.5 34.75 0.73 0.26
265 34 38.0 -97.0 0.77 0.01
266 34 38.0 -97.0 0.77 0.56
267 34 38.0 -97.0 0.77 0.17
268 34 38.0 -97.0 0.77 0.81
269 34 38.0 -97.0 0.77 0.87
270 34 38.0 -97.0 0.77 0.18
271 34 38.0 -97.0 0.77 0.52
272 34 38.0 -97.0 0.77 0.96
273 35 39.5 -8.0 0.88 0.01
274 35 39.5 -8.0 0.88 0.79
275 35 39.5 -8.0 0.88 0.39
276 35 39.5 -8.0 0.88 0.01
277 35 39.5 -8.0 0.88 1.0
278 35 39.5 -8.0 0.88 0.2
279 35 39.5 -8.0 0.88 0.52
280 35 39.5 -8.0 0.88 0.54
281 36 35.7721 -78.6386 0.05 0.34
282 36 35.7721 -78.6386 0.05 0.2
283 36 35.7721 -78.6386 0.05 0.55
284 36 35.7721 -78.6386 0.05 0.52
285 36 35.7721 -78.6386 0.05 0.78
286 36 35.7721 -78.6386 0.05 0.83
287 36 35.7721 -78.6386 0.05 0.68
288 36 35.7721 -78.6386 0.05 0.7
289 37 40.0 -4.0 0.99 0.29
290 37 40.0 -4.0 0.99 0.07
291 37 40.0 -4.0 0.99 0.51
292 37 40.0 -4.0 0.99 0.76
293 37 40.0 -4.0 0.99 0.99
294 37 40.0 -4.0 0.99 0.52
295 37 40.0 -4.0 0.99 0.69
296 37 40.0 -4.0 0.99 0.38
297 38 45.5 -73.5833 0.97 0.86
298 38 45.5 -73.5833 0.97 0.71
299 38 45.5 -73.5833 0.97 0.88
300 38 45.5 -73.5833 0.97 0.05
301 38 45.5 -73.5833 0.97 0.22
302 38 45.5 -73.5833 0.97 0.92
303 38 45.5 -73.5833 0.97 0.9
304 38 45.5 -73.5833 0.97 0.12
305 39 35.2271 -80.8431 0.57 0.22
306 39 35.2271 -80.8431 0.57 0.22
307 39 35.2271 -80.8431 0.57 0.31
308 39 35.2271 -80.8431 0.57 0.09
309 39 35.2271 -80.8431 0.57 0.26
310 39 35.2271 -80.8431 0.57 0.5
311 39 35.2271 -80.8431 0.57 0.13
312 39 35.2271 -80.8431 0.57 0.51
313 40 47.0 8.0 0.57 0.06
314 40 47.0 8.0 0.57 0.93
315 40 47.0 8.0 0.57 0.45
316 40 47.0 8.0 0.57 0.79
317 40 47.0 8.0 0.57 0.44
318 40 47.0 8.0 0.57 0.19
319 40 47.0 8.0 0.57 0.57
320 40 47.0 8.0 0.57 0.59
321 41 52.5167 13.4 0.03 0.83
322 41 52.5167 13.4 0.03 0.03
323 41 52.5167 13.4 0.03 0.36
324 41 52.5167 13.4 0.03 0.51
325 41 52.5167 13.4 0.03 0.68
326 41 52.5167 13.4 0.03 0.79
327 41 52.5167 13.4 0.03 0.14
328 41 52.5167 13.4 0.03 0.16
329 42 51.0 9.0 0.7 0.86
330 42 51.0 9.0 0.7 0.14
331 42 51.0 9.0 0.7 0.9
332 42 51.0 9.0 0.7 1.0
333 42 51.0 9.0 0.7 0.49
334 42 51.0 9.0 0.7 0.11
335 42 51.0 9.0 0.7 0.1
336 42 51.0 9.0 0.7 0.43
337 43 51.5 -0.13 0.78 0.86
338 43 51.5 -0.13 0.78 0.7
339 43 51.5 -0.13 0.78 0.94
340 43 51.5 -0.13 0.78 0.36
341 43 51.5 -0.13 0.78 0.11
342 43 51.5 -0.13 0.78 0.73
343 43 51.5 -0.13 0.78 0.88
344 43 51.5 -0.13 0.78 0.03
345 44 53.0 -8.0 0.77 0.9
346 44 53.0 -8.0 0.77 0.47
347 44 53.0 -8.0 0.77 0.08
348 44 53.0 -8.0 0.77 0.79
349 44 53.0 -8.0 0.77 0.33
350 44 53.0 -8.0 0.77 0.04
351 44 53.0 -8.0 0.77 0.64
352 44 53.0 -8.0 0.77 0.61
353 45 52.5 5.75 0.03 0.54
354 45 52.5 5.75 0.03 0.1
355 45 52.5 5.75 0.03 0.63
356 45 52.5 5.75 0.03 0.31
357 45 52.5 5.75 0.03 0.61
358 45 52.5 5.75 0.03 0.06
359 45 52.5 5.75 0.03 0.76
360 45 52.5 5.75 0.03 0.59
361 46 38.7942 -117.1173 0.95 0.11
362 46 38.7942 -117.1173 0.95 1.0
363 46 38.7942 -117.1173 0.95 0.22
364 46 38.7942 -117.1173 0.95 0.69
365 46 38.7942 -117.1173 0.95 0.76
366 46 38.7942 -117.1173 0.95 0.08
367 46 38.7942 -117.1173 0.95 0.58
368 46 38.7942 -117.1173 0.95 0.68
369 47 60.0 -95.0 0.94 0.58
370 47 60.0 -95.0 0.94 0.37
371 47 60.0 -95.0 0.94 0.97
372 47 60.0 -95.0 0.94 0.94
373 47 60.0 -95.0 0.94 0.89
374 47 60.0 -95.0 0.94 0.04
375 47 60.0 -95.0 0.94 0.93
376 47 60.0 -95.0 0.94 0.75
377 48 43.0389 -87.9065 0.31 0.63
378 48 43.0389 -87.9065 0.31 0.5
379 48 43.0389 -87.9065 0.31 0.75
380 48 43.0389 -87.9065 0.31 0.59
381 48 43.0389 -87.9065 0.31 0.61
382 48 43.0389 -87.9065 0.31 0.19
383 48 43.0389 -87.9065 0.31 0.46
384 48 43.0389 -87.9065 0.31 0.55
385 49 37.3961 -121.9617 0.6 0.67
386 49 37.3961 -121.9617 0.6 0.87
387 49 37.3961 -121.9617 0.6 0.67
388 49 37.3961 -121.9617 0.6 0.41
389 49 37.3961 -121.9617 0.6 0.05
390 49 37.3961 -121.9617 0.6 0.11
391 49 37.3961 -121.9617 0.6 0.37
392 49 37.3961 -121.9617 0.6 0.41
393 50 33.9831 -118.0967 0.37 0.99
394 50 33.9831 -118.0967 0.37 0.29
395 50 33.9831 -118.0967 0.37 0.92
396 50 33.9831 -118.0967 0.37 0.96
397 50 33.9831 -118.0967 0.37 0.13
398 50 33.9831 -118.0967 0.37 0.86
399 50 33.9831 -118.0967 0.37 0.35
400 50 33.9831 -118.0967 0.37 0.45
401 51 42.0334 -88.0834 0.15 0.28
402 51 42.0334 -88.0834 0.15 0.96
403 51 42.0334 -88.0834 0.15 0.87
404 51 42.0334 -88.0834 0.15 0.75
405 51 42.0334 -88.0834 0.15 0.04
406 51 42.0334 -88.0834 0.15 0.76
407 51 42.0334 -88.0834 0.15 0.19
408 51 42.0334 -88.0834 0.15 0.74
409 52 43.1584 -77.6139 0.47 0.51
410 52 43.1584 -77.6139 0.47 0.7
411 52 43.1584 -77.6139 0.47 0.9
412 52 43.1584 -77.6139 0.47 0.58
413 52 43.1584 -77.6139 0.47 0.87
414 52 43.1584 -77.6139 0.47 0.76
415 52 43.1584 -77.6139 0.47 0.88
416 52 43.1584 -77.6139 0.47 0.86
417 53 41.878 -88.0163 0.62 0.4
418 53 41.878 -88.0163 0.62 0.38
419 53 41.878 -88.0163 0.62 0.48
420 53 41.878 -88.0163 0.62 0.27
421 53 41.878 -88.0163 0.62 0.05
422 53 41.878 -88.0163 0.62 0.51
423 53 41.878 -88.0163 0.62 0.7
424 53 41.878 -88.0163 0.62 0.12
425 54 40.7209 -74.0468 0.21 0.09
426 54 40.7209 -74.0468 0.21 0.61
427 54 40.7209 -74.0468 0.21 0.49
428 54 40.7209 -74.0468 0.21 0.98
429 54 40.7209 -74.0468 0.21 0.06
430 54 40.7209 -74.0468 0.21 0.98
431 54 40.7209 -74.0468 0.21 0.1
432 54 40.7209 -74.0468 0.21 0.68
433 55 38.6143 -90.4444 0.59 0.1
434 55 38.6143 -90.4444 0.59 0.35
435 55 38.6143 -90.4444 0.59 0.53
436 55 38.6143 -90.4444 0.59 0.08
437 55 38.6143 -90.4444 0.59 0.9
438 55 38.6143 -90.4444 0.59 0.92
439 55 38.6143 -90.4444 0.59 0.56
440 55 38.6143 -90.4444 0.59 0.5
441 56 26.6217 -81.8406 0.81 0.8
442 56 26.6217 -81.8406 0.81 0.55
443 56 26.6217 -81.8406 0.81 0.69
444 56 26.6217 -81.8406 0.81 0.15
445 56 26.6217 -81.8406 0.81 0.4
446 56 26.6217 -81.8406 0.81 0.54
447 56 26.6217 -81.8406 0.81 0.6
448 56 26.6217 -81.8406 0.81 0.98
449 57 40.1768 -83.0792 0.24 0.75
450 57 40.1768 -83.0792 0.24 0.58
451 57 40.1768 -83.0792 0.24 0.07
452 57 40.1768 -83.0792 0.24 0.39
453 57 40.1768 -83.0792 0.24 0.29
454 57 40.1768 -83.0792 0.24 0.57
455 57 40.1768 -83.0792 0.24 0.51
456 57 40.1768 -83.0792 0.24 0.89
457 58 39.9612 -82.9988 0.29 0.01
458 58 39.9612 -82.9988 0.29 0.04
459 58 39.9612 -82.9988 0.29 0.41
460 58 39.9612 -82.9988 0.29 0.62
461 58 39.9612 -82.9988 0.29 0.11
462 58 39.9612 -82.9988 0.29 0.99
463 58 39.9612 -82.9988 0.29 0.29
464 58 39.9612 -82.9988 0.29 0.02
465 59 41.2061 -96.0451 0.41 0.75
466 59 41.2061 -96.0451 0.41 0.19
467 59 41.2061 -96.0451 0.41 0.18
468 59 41.2061 -96.0451 0.41 0.44
469 59 41.2061 -96.0451 0.41 0.57
470 59 41.2061 -96.0451 0.41 0.85
471 59 41.2061 -96.0451 0.41 0.9
472 59 41.2061 -96.0451 0.41 0.01
473 60 41.6929 -111.8147 0.53 0.21
474 60 41.6929 -111.8147 0.53 0.97
475 60 41.6929 -111.8147 0.53 0.58
476 60 41.6929 -111.8147 0.53 0.63
477 60 41.6929 -111.8147 0.53 0.99
478 60 41.6929 -111.8147 0.53 0.58
479 60 41.6929 -111.8147 0.53 0.83
480 60 41.6929 -111.8147 0.53 0.99
481 61 43.7922 -116.3878 0.96 0.87
482 61 43.7922 -116.3878 0.96 0.01
483 61 43.7922 -116.3878 0.96 0.32
484 61 43.7922 -116.3878 0.96 0.16
485 61 43.7922 -116.3878 0.96 0.76
486 61 43.7922 -116.3878 0.96 0.73
487 61 43.7922 -116.3878 0.96 0.04
488 61 43.7922 -116.3878 0.96 0.59
489 62 37.7484 -122.4156 0.51 0.28
490 62 37.7484 -122.4156 0.51 0.7
491 62 37.7484 -122.4156 0.51 0.59
492 62 37.7484 -122.4156 0.51 0.04
493 62 37.7484 -122.4156 0.51 0.98
494 62 37.7484 -122.4156 0.51 0.23
495 62 37.7484 -122.4156 0.51 0.21
496 62 37.7484 -122.4156 0.51 0.03
497 63 33.6897 -117.8502 0.8 0.51
498 63 33.6897 -117.8502 0.8 0.58
499 63 33.6897 -117.8502 0.8 0.95
500 63 33.6897 -117.8502 0.8 0.84
501 63 33.6897 -117.8502 0.8 0.57
502 63 33.6897 -117.8502 0.8 0.3
503 63 33.6897 -117.8502 0.8 0.42
504 63 33.6897 -117.8502 0.8 0.04
505 64 26.3818 -80.1046 0.72 0.06
506 64 26.3818 -80.1046 0.72 0.84
507 64 26.3818 -80.1046 0.72 0.82
508 64 26.3818 -80.1046 0.72 0.8
509 64 26.3818 -80.1046 0.72 0.21
510 64 26.3818 -80.1046 0.72 0.71
511 64 26.3818 -80.1046 0.72 0.97
512 64 26.3818 -80.1046 0.72 0.09
513 65 39.0054 -77.8868 0.85 0.8
514 65 39.0054 -77.8868 0.85 0.66
515 65 39.0054 -77.8868 0.85 0.37
516 65 39.0054 -77.8868 0.85 0.07
517 65 39.0054 -77.8868 0.85 0.39
518 65 39.0054 -77.8868 0.85 0.88
519 65 39.0054 -77.8868 0.85 0.37
520 65 39.0054 -77.8868 0.85 0.24
521 66 41.409 -75.6624 0.21 0.04
522 66 41.409 -75.6624 0.21 0.55
523 66 41.409 -75.6624 0.21 0.35
524 66 41.409 -75.6624 0.21 0.28
525 66 41.409 -75.6624 0.21 0.89
526 66 41.409 -75.6624 0.21 0.62
527 66 41.409 -75.6624 0.21 0.21
528 66 41.409 -75.6624 0.21 0.54
529 67 35.4676 -97.5164 0.68 0.02
530 67 35.4676 -97.5164 0.68 0.65
531 67 35.4676 -97.5164 0.68 0.5
532 67 35.4676 -97.5164 0.68 0.74
533 67 35.4676 -97.5164 0.68 0.15
534 67 35.4676 -97.5164 0.68 0.56
535 67 35.4676 -97.5164 0.68 0.29
536 67 35.4676 -97.5164 0.68 0.07
537 68 32.8667 -117.2481 0.64 0.35
538 68 32.8667 -117.2481 0.64 0.24
539 68 32.8667 -117.2481 0.64 0.63
540 68 32.8667 -117.2481 0.64 0.73
541 68 32.8667 -117.2481 0.64 0.1
542 68 32.8667 -117.2481 0.64 0.49
543 68 32.8667 -117.2481 0.64 0.62
544 68 32.8667 -117.2481 0.64 0.51
545 69 44.9556 -93.3841 0.5 0.02
546 69 44.9556 -93.3841 0.5 0.37
547 69 44.9556 -93.3841 0.5 0.08
548 69 44.9556 -93.3841 0.5 0.63
549 69 44.9556 -93.3841 0.5 0.13
550 69 44.9556 -93.3841 0.5 0.02
551 69 44.9556 -93.3841 0.5 0.29
552 69 44.9556 -93.3841 0.5 0.42
553 70 52.35 4.9167 0.65 0.43
554 70 52.35 4.9167 0.65 0.47
555 70 52.35 4.9167 0.65 0.41
556 70 52.35 4.9167 0.65 0.27
557 70 52.35 4.9167 0.65 0.88
558 70 52.35 4.9167 0.65 0.21
559 70 52.35 4.9167 0.65 0.23
560 70 52.35 4.9167 0.65 0.64
