1 39.2499 -86.4555 0.79
2 33.4357 -111.9171 0.35
3 30.1605 -92.0332 0.31
4 4.0 -72.0 0.97
5 38.9879 -76.5454 0.75
6 40.8497 -99.0741 0.5
7 39.0997 -94.5786 0.57
8 39.1828 -84.3447 0.69
9 33.1565 -117.1707 0.02
10 40.7282 -74.0776 0.38
11 44.1099 -87.71 0.02
12 43.1184 -89.5207 0.65
13 37.3059 -89.5182 0.55
14 38.7705 -75.2799 0.26
15 30.6568 -97.6026 0.23
16 47.6051 -122.1134 1.0
17 41.2586 -95.9378 0.68
18 15.0 100.0 0.98
19 45.6387 -122.6615 0.39
20 40.2181 -111.6133 0.32
21 41.5931 -81.5268 0.69
22 41.1172 -96.0611 0.92
23 33.9681 -84.2304 0.54
24 33.3062 -111.8413 0.46
25 33.9937 -81.0199 0.54
26 9.9333 -84.0833 1.0
27 43.044 -76.1518 0.1
28 42.3451 -71.0993 0.17
29 40.044 -75.3877 0.57
30 43.1005 -77.426 0.67
31 44.0364 -123.0547 0.62
32 41.6005 -93.6091 0.66
33 31.5 34.75 0.73
34 38.0 -97.0 0.77
35 39.5 -8.0 0.88
36 35.7721 -78.6386 0.05
37 40.0 -4.0 0.99
38 45.5 -73.5833 0.97
39 35.2271 -80.8431 0.57
40 47.0 8.0 0.57
41 52.5167 13.4 0.03
42 51.0 9.0 0.7
43 51.5 -0.13 0.78
44 53.0 -8.0 0.77
45 52.5 5.75 0.03
46 38.7942 -117.1173 0.95
47 60.0 -95.0 0.94
48 43.0389 -87.9065 0.31
49 37.3961 -121.9617 0.6
50 33.9831 -118.0967 0.37
51 42.0334 -88.0834 0.15
52 43.1584 -77.6139 0.47
53 41.878 -88.0163 0.62
54 40.7209 -74.0468 0.21
55 38.6143 -90.4444 0.59
56 26.6217 -81.8406 0.81
57 40.1768 -83.0792 0.24
58 39.9612 -82.9988 0.29
59 41.2061 -96.0451 0.41
60 41.6929 -111.8147 0.53
61 43.7922 -116.3878 0.96
62 37.7484 -122.4156 0.51
63 33.6897 -117.8502 0.8
64 26.3818 -80.1046 0.72
65 39.0054 -77.8868 0.85
66 41.409 -75.6624 0.21
67 35.4676 -97.5164 0.68
68 32.8667 -117.2481 0.64
69 44.9556 -93.3841 0.5
70 52.35 4.9167 0.65
71 41.85 -87.65 0.47
72 41.5375 -84.301 0.64
73 48.8667 2.3333 0.1
74 39.9649 -83.1383 0.81
75 40.524 -105.1396 0.15
76 35.3366 -80.7958 0.62
77 42.465 -83.2307 0.79
78 34.0438 -118.2512 0.24
79 38.9311 -77.3489 0.36
80 26.2379 -80.1248 0.17
81 45.5332 -122.6827 0.04
82 48.7409 -118.0956 0.63
83 39.6237 -104.8738 0.92
84 40.7605 -73.9933 0.51
85 40.4249 -86.9162 0.77
86 32.9358 -96.7853 0.74
87 38.9358 -77.1621 0.4
88 47.6727 -122.1873 0.73
89 38.8853 -94.8902 0.73
90 32.8807 -117.2359 0.75
91 43.1299 -77.6082 0.46
92 40.1932 -75.6749 0.31
93 37.7697 -122.3933 0.87
94 41.8089 -88.0112 0.65
95 29.7523 -95.367 0.51
96 25.7806 -80.1826 0.6
97 47.6606 -122.2919 0.06
98 42.556 -83.1178 0.1
99 44.98 -93.2638 0.28
100 33.6965 -85.682 0.81
101 40.1523 -75.2663 0.73
102 34.1965 -118.8188 0.19
103 38.884 -77.0221 0.4
104 43.0138 -83.6883 0.26
105 34.0189 51.3467 0.64
106 44.9761 -93.2719 0.74
107 36.1156 -97.0584 0.21
108 38.438 -122.6753 0.25
109 37.563 -122.3255 0.49
110 40.4661 -88.9034 0.71
111 30.6521 -96.341 0.41
112 38.9785 -76.4922 0.56
113 40.7649 -111.8434 0.92
114 38.1496 -79.0717 0.04
115 28.6185 -81.4336 0.04
116 47.6104 -122.2007 0.55
117 32.9126 -96.6389 0.26
118 39.6397 -74.9738 0.46
119 44.8046 -93.1371 0.09
120 42.1197 -87.8445 0.26
121 47.6062 -122.3321 0.4
122 42.2776 -83.7409 0.16
123 39.0437 -77.4875 0.57
124 38.6027 -121.2687 0.25
125 33.1581 -117.3506 0.56
126 32.7831 -96.8067 0.67
127 33.9777 -118.4351 0.15
128 37.5331 -122.2471 0.46
129 52.9667 -1.1667 0.12
130 42.2206 -91.2282 0.77
131 40.3196 -76.8753 0.67
132 35.69 139.69 0.69
133 39.7525 -104.9995 0.89
134 18.4167 -64.6167 0.07
135 42.4263 -71.4542 0.78
136 45.6119 -121.5866 0.51
137 33.6119 -111.8906 0.56
138 38.1833 15.5667 0.5
139 28.9859 -81.2196 0.76
140 33.7458 -117.8262 0.2
141 42.3223 -83.1763 0.19
142 34.6989 -86.6115 0.25
143 48.7595 -122.4882 0.53
144 40.1814 -76.9969 0.22
145 41.7439 -87.9343 0.18
146 28.5445 -81.3706 0.37
147 33.6189 -117.929 1.0
148 30.4494 -84.2909 0.32
149 33.995 -118.3917 0.88
150 33.0347 -96.8134 0.59
151 42.2032 -71.0096 0.58
152 30.1438 -81.5401 0.69
153 33.5446 -86.9292 0.39
154 39.9721 -105.2493 0.86
155 28.4517 -81.4653 0.84
156 33.8502 -117.7912 0.34
157 34.6685 -86.5576 0.76
158 43.0377 -76.1396 0.98
159 42.9885 -71.4652 0.73
160 21.3267 -157.8167 0.82
161 30.4425 -84.2986 0.04
162 26.7153 -80.0534 0.29
163 37.5155 -121.8962 0.62
164 42.2873 -71.3524 0.59
165 33.7248 -112.0889 0.24
166 37.8716 -122.2728 0.25
167 53.3331 -6.2489 0.43
168 34.9645 -78.7417 0.23
169 34.0008 -117.1266 0.62
170 40.7143 -74.006 0.31
171 39.1157 -77.5636 0.95
172 34.0194 -118.4912 0.31
173 38.9907 -77.0261 0.7
174 43.5954 -96.7017 0.74
175 35.9985 -86.7806 0.93
176 29.7176 -95.4188 0.89
177 47.3809 -122.2348 0.21
178 41.8824 -87.6376 0.17
179 47.4829 -122.2171 0.43
180 34.016 -118.4925 0.01
181 37.8668 -122.2536 0.37
182 40.8483 -73.9725 0.39
183 38.007 -79.0483 0.35
184 41.6412 -111.8966 0.8
185 45.5295 -122.6432 0.42
186 40.1545 -75.3809 0.13
187 40.0548 -75.4083 0.45
188 43.2186 -77.4494 0.36
189 34.0007 -81.0348 0.71
190 39.1732 -77.2716 0.29
191 40.6501 -73.9496 0.07
192 46.1107 -118.3077 1.0
193 39.3376 -84.4044 0.1
194 37.555 -122.2687 0.14
195 39.0024 -77.1034 0.85
196 40.4399 -86.8753 0.04
197 29.9547 -90.0751 0.11
198 30.2672 -97.7431 0.84
199 42.0643 -87.9921 0.86
200 33.8768 -117.8931 0.91
201 34.2577 -84.4921 0.23
202 40.4774 -112.0082 0.99
203 36.0525 -79.1077 0.71
204 37.5399 -77.4335 0.61
205 39.9774 -75.1452 0.5
206 32.8795 -96.9398 0.49
207 37.57 126.98 0.95
208 38.8318 -77.2888 0.04
209 40.3118 -88.1467 0.5
210 40.5045 -74.347 0.48
211 40.8499 -73.8769 0.15
212 43.1325 -93.3413 0.39
213 41.8825 -87.6441 0.27
214 33.4549 -112.0777 0.22
215 33.0314 -111.3873 0.41
216 28.5553 -81.3467 0.28
217 42.3299 -83.0391 0.17
218 30.2961 -97.7369 0.31
219 36.175 -115.1372 0.08
220 27.9836 -82.2756 0.11
221 34.1683 -118.6059 0.01
222 43.4183 -70.4984 0.38
223 44.8558 -93.4408 0.59
224 41.8392 -88.3612 0.8
225 36.724 126.8082 0.29
226 40.8695 -72.8868 0.48
227 32.8148 -96.8705 0.52
228 47.6801 -122.1206 0.84
229 40.1176 -83.1265 0.61
230 38.7073 -77.023 0.3
231 29.4889 -98.3987 0.67
232 39.4899 -74.4773 0.61
233 33.0198 -96.6989 0.38
234 41.8321 -87.7897 0.13
235 37.1791 -80.3515 0.51
236 42.3765 -71.2356 0.35
237 40.9168 -74.1718 0.11
238 34.1478 -118.1445 0.75
239 30.5083 -97.6789 0.41
240 42.6056 -83.1499 0.18
241 35.1681 -80.9153 0.95
242 41.8742 -80.1317 0.1
243 34.0355 -118.4298 0.57
244 37.3422 -121.8833 0.33
245 39.1817 -75.5971 0.92
246 34.0533 -118.2549 0.62
247 46.6731 -100.6271 0.27
248 38.9266 -77.3936 0.62
249 41.8776 -87.6272 0.37
250 42.3016 -83.0307 0.06
251 42.7526 -73.7804 0.91
252 47.4891 -122.2908 0.68
253 38.8998 -94.7052 0.58
254 39.3288 -76.5967 0.35
255 40.3929 -74.5412 0.24
256 41.5584 -81.4756 0.3
257 41.4486 -75.728 0.41
258 36.0111 -91.0293 0.23
259 26.0698 -80.2223 0.06
260 36.1361 -75.7371 0.34
261 37.5538 -77.4603 0.48
262 44.9843 -93.2654 0.09
263 32.7191 -117.1607 0.86
264 33.8403 -118.3539 0.38
265 43.6392 -79.4058 0.6
266 35.13 -85.2907 0.58
267 40.7871 -74.3291 0.09
268 39.2642 -76.5894 0.2
269 34.053 -118.2642 0.05
270 39.6155 -75.7044 0.56
271 42.3655 -83.5367 0.18
272 47.2529 -122.4443 0.69
273 31.1721 -89.2948 0.96
274 38.5891 -121.3027 0.64
275 43.0511 -77.5224 0.56
276 47.7542 -122.2444 0.04
277 39.0061 -94.6337 0.42
278 34.1613 -118.0895 0.42
279 40.7139 -74.3689 0.48
280 37.5985 126.9783 0.44
281 25.0833 -77.35 0.7
282 43.0282 -88.2949 0.77
283 32.9014 -117.2079 0.32
284 42.0604 -91.5858 0.39
285 39.7157 -75.5281 0.7
286 42.036 -93.4652 0.33
287 43.6667 -79.4167 0.46
288 29.7633 -95.3633 0.91
289 40.0486 -83.0726 0.62
290 38.2494 -122.04 0.28
291 40.6092 -111.8819 0.23
292 39.3054 -76.5519 0.38
293 40.5958 -74.1525 0.23
294 35.685 139.7514 0.33
295 33.871 -84.4635 0.64
296 40.7934 -77.86 0.07
297 39.8512 -86.2651 0.76
298 40.4184 -80.0509 0.25
299 45.0028 -68.6334 0.34
300 33.749 -84.388 0.33
301 37.7749 -122.4194 0.28
302 35.9724 -84.2904 0.44
303 42.0678 -88.0185 0.38
304 39.8474 -104.9459 0.52
305 33.9269 -117.8612 0.75
306 38.8951 -77.0364 0.97
307 38.1103 -78.9073 0.25
308 42.7257 -84.636 0.63
309 40.8326 -74.1307 0.82
310 32.7825 -96.8207 0.69
311 33.7257 -84.4309 0.9
312 33.6695 -117.8231 0.91
313 33.4319 -112.015 0.34
314 41.8372 -87.9613 0.05
315 26.0222 -80.1496 0.87
316 42.3646 -71.1028 0.79
317 39.437 -76.7818 0.81
318 37.8342 -122.2897 0.6
319 40.4862 -74.4518 0.65
320 40.7214 -74.0052 0.85
321 48.86 2.35 0.13
322 47.6344 -122.3422 0.54
323 41.8745 -87.6503 0.17
324 42.3477 -71.0384 0.97
325 42.6489 -71.1655 0.37
326 34.069 -118.3502 0.16
327 39.569 -104.8582 0.59
328 39.2952 -76.6231 0.42
329 41.2327 -81.6357 0.67
330 42.5065 -83.3491 0.62
331 37.3394 -121.895 0.97
332 43.6519 -79.3874 0.09
333 45.5234 -122.6762 0.55
334 47.6201 -122.1653 0.95
335 38.8357 -77.3375 0.09
336 37.4178 -122.172 0.67
337 39.9523 -75.1638 0.63
338 33.8767 -84.3341 0.81
339 45.549 -73.7641 0.8
340 -33.8615 151.2055 0.55
341 41.6892 -81.3266 0.16
342 37.799 -122.466 0.12
343 40.6888 -74.0203 0.33
344 42.5013 -71.0689 1.0
345 34.4329 -119.8371 0.43
346 40.4531 -79.9294 0.05
347 33.8138 -117.7986 0.26
348 37.7758 -122.4128 0.28
349 42.2328 -70.8176 0.7
350 39.162 -84.4569 0.59
351 34.1374 -118.3528 0.81
352 33.4499 -112.0712 0.49
353 33.9499 -83.375 0.3
354 38.0293 -78.4767 0.06
355 38.9499 -94.7453 0.94
356 48.7395 -122.4809 0.99
357 34.0091 -84.0088 0.92
358 29.8301 -95.4739 0.08
359 40.4439 -79.9561 0.01
360 38.5689 -121.4383 0.13
361 32.2687 -107.7586 0.47
362 39.0335 -77.4838 0.57
363 26.1882 -80.1711 0.52
364 29.7431 -95.4446 0.05
365 38.65 -90.5334 0.48
366 52.2319 5.1799 0.4
367 33.5083 -112.0717 0.08
368 39.1023 -96.5246 0.93
369 37.7898 -122.3942 0.01
370 40.4406 -79.9959 0.09
371 34.1722 -118.379 0.89
372 34.2432 -78.0996 0.15
373 33.7516 -84.3915 0.32
374 39.1588 -75.4941 0.71
375 34.0565 -118.4136 0.47
376 35.994 -78.8986 0.05
377 42.8141 -1.6412 0.45
378 34.7888 -92.4127 0.25
379 26.8234 -80.1386 0.99
380 32.7791 -96.8028 0.44
381 33.0169 -116.846 0.19
382 32.9299 -96.8353 0.08
383 41.0291 -73.758 0.75
384 37.2669 -80.4325 0.68
385 30.176 -97.7373 0.87
386 41.4041 -71.4774 0.55
387 33.7866 -118.2987 0.67
388 27.9578 -82.4622 0.75
389 34.4208 -119.6982 0.06
390 37.0299 -76.3452 0.55
391 45.1708 -93.5758 0.93
392 42.3424 -71.0878 0.66
393 38.4981 -90.46 0.07
394 40.6452 -75.4374 0.51
395 38.9841 -77.3827 0.2
396 40.7904 -74.0246 0.6
397 34.0202 -118.3928 0.38
398 39.5754 -76.9958 0.13
399 41.8039 -87.9027 0.61
400 38.6312 -90.1922 0.28
401 29.9841 -90.1529 0.39
402 42.5051 -71.2047 0.6
403 46.9781 -122.7024 0.55
404 39.7392 -104.9847 0.72
405 32.8073 -117.1324 0.26
406 38.0047 -84.5334 0.89
407 47.8435 -122.1957 0.29
408 40.0878 -105.3735 0.4
409 39.7684 -86.158 0.63
410 26.1223 -80.1434 0.05
411 29.7489 -95.4678 0.38
412 45.7788 -119.529 0.8
413 36.0626 -94.1574 0.54
414 37.5741 -122.321 0.41
